name	taxonomy_id	taxonomy_lvl	SRR8146935.bracken_num	SRR8146935.bracken_frac	SRR8146936.bracken_num	SRR8146936.bracken_frac	SRR8146938.bracken_num	SRR8146938.bracken_frac	SRR8146944.bracken_num	SRR8146944.bracken_frac	SRR8146951.bracken_num	SRR8146951.bracken_frac	SRR8146952.bracken_num	SRR8146952.bracken_frac
Phocaeicola vulgatus	821	S	35944	0.09980	30952	0.07184	13765	0.04393	6761	0.01818	15583	0.02538	14530	0.03323
Phocaeicola dorei	357276	S	12045	0.03345	652	0.00151	2723	0.00869	5438	0.01462	7214	0.01175	14369	0.03286
Bacteroides eggerthii	28111	S	10952	0.03041	0	0.00000	14462	0.04616	0	0.00000	0	0.00000	0	0.00000
Bacteroides uniformis	820	S	17088	0.04745	6457	0.01499	26012	0.08302	29860	0.08030	6715	0.01094	18362	0.04199
Bacteroides thetaiotaomicron	818	S	3964	0.01101	39	0.00009	329	0.00105	123	0.00033	917	0.00149	5335	0.01220
Bacteroides caccae	47678	S	1447	0.00402	5119	0.01188	3448	0.01100	1297	0.00349	1146	0.00187	1950	0.00446
Bacteroides fragilis	817	S	1748	0.00485	1970	0.00457	121	0.00039	320	0.00086	1684	0.00274	964	0.00220
Bacteroides xylanisolvens	371601	S	4282	0.01189	4910	0.01140	321	0.00102	642	0.00173	127	0.00021	3258	0.00745
Bacteroides sp. DH3716P	2847299	S	2135	0.00593	0	0.00000	0	0.00000	0	0.00000	0	0.00000	0	0.00000
Bacteroides ovatus	28116	S	305	0.00085	1180	0.00274	11291	0.03604	2779	0.00747	678	0.00110	2413	0.00552
Bacteroides pyogenes	310300	S	27	0.00007	0	0.00000	0	0.00000	0	0.00000	0	0.00000	0	0.00000
Bacteroides salyersiae	291644	S	30	0.00008	0	0.00000	0	0.00000	0	0.00000	1003	0.00163	3091	0.00707
Bacteroides stercoris	46506	S	50	0.00014	19503	0.04526	23365	0.07457	999	0.00269	129	0.00021	4077	0.00932
Alistipes putredinis	28117	S	53105	0.14746	57	0.00013	14831	0.04734	10396	0.02796	4421	0.00720	258	0.00059
Alistipes onderdonkii	328813	S	33799	0.09385	20696	0.04803	15752	0.05027	1772	0.00477	18	0.00003	3687	0.00843
Alistipes communis	2585118	S	8136	0.02259	1097	0.00255	4692	0.01498	342	0.00092	470	0.00077	511	0.00117
Alistipes finegoldii	214856	S	6057	0.01682	550	0.00128	856	0.00273	2722	0.00732	1643	0.00268	1260	0.00288
Alistipes ihumii	1470347	S	2101	0.00583	0	0.00000	866	0.00276	192	0.00052	39	0.00006	161	0.00037
Alistipes dispar	2585119	S	1592	0.00442	744	0.00173	391	0.00125	504	0.00136	0	0.00000	0	0.00000
Alistipes senegalensis	1288121	S	695	0.00193	0	0.00000	959	0.00306	254	0.00068	311	0.00051	363	0.00083
Alistipes sp. i18-0019-D1	3132707	S	666	0.00185	1500	0.00348	0	0.00000	0	0.00000	0	0.00000	0	0.00000
Alistipes indistinctus	626932	S	159	0.00044	0	0.00000	68	0.00022	339	0.00091	61	0.00010	17	0.00004
uncultured Alistipes sp.	538949	S	153	0.00042	0	0.00000	24	0.00008	0	0.00000	0	0.00000	0	0.00000
Alistipes shahii	328814	S	458	0.00127	119	0.00028	4381	0.01398	192	0.00052	985	0.00160	157	0.00036
Parabacteroides distasonis	823	S	6245	0.01734	11969	0.02778	2579	0.00823	6996	0.01881	5365	0.00874	6793	0.01554
Parabacteroides johnsonii	387661	S	1540	0.00428	0	0.00000	0	0.00000	0	0.00000	0	0.00000	0	0.00000
Parabacteroides merdae	46503	S	86	0.00024	17971	0.04171	1011	0.00323	23	0.00006	0	0.00000	1796	0.00411
Barnesiella intestinihominis	487174	S	3313	0.00920	2184	0.00507	1752	0.00559	394	0.00106	659	0.00107	1481	0.00339
Barnesiella sp. An22	1965590	S	817	0.00227	0	0.00000	66	0.00021	0	0.00000	0	0.00000	0	0.00000
Butyricimonas virosa	544645	S	441	0.00122	0	0.00000	855	0.00273	0	0.00000	20	0.00003	156	0.00036
Butyricimonas paravirosa	1472417	S	622	0.00173	0	0.00000	3028	0.00966	0	0.00000	0	0.00000	238	0.00054
Odoribacter splanchnicus	28118	S	691	0.00192	362	0.00084	4048	0.01292	1027	0.00276	370	0.00060	794	0.00182
Segatella copri	165179	S	153	0.00042	242494	0.56280	401	0.00128	246536	0.66300	374	0.00061	176100	0.40274
Akkermansia muciniphila	239935	S	430	0.00119	1355	0.00314	9047	0.02887	0	0.00000	0	0.00000	11975	0.02739
Haemophilus parainfluenzae	729	S	36	0.00010	0	0.00000	54	0.00017	153	0.00041	102	0.00017	77	0.00018
Oxalobacter aliiformigenes	2946593	S	121	0.00034	0	0.00000	0	0.00000	0	0.00000	0	0.00000	0	0.00000
Bilophila wadsworthia	35833	S	125	0.00035	0	0.00000	722	0.00230	79	0.00021	122	0.00020	67	0.00015
Faecalibacterium prausnitzii	853	S	66795	0.18547	199	0.00046	33624	0.10732	10209	0.02745	67193	0.10943	13914	0.03182
Faecalibacterium sp. I3-3-89	2929493	S	12668	0.03517	643	0.00149	111	0.00035	0	0.00000	0	0.00000	418	0.00096
Faecalibacterium sp. I4-3-84	2929495	S	3848	0.01068	0	0.00000	1001	0.00319	853	0.00229	1427	0.00232	304	0.00070
Faecalibacterium sp. i21-0019-B1	3141184	S	4510	0.01252	0	0.00000	572	0.00183	0	0.00000	0	0.00000	261	0.00060
Faecalibacterium sp. I2-3-92	2929490	S	2971	0.00825	0	0.00000	536	0.00171	0	0.00000	0	0.00000	179	0.00041
Faecalibacterium sp. i25-0019-C1	3141185	S	3206	0.00890	0	0.00000	0	0.00000	1275	0.00343	29088	0.04737	0	0.00000
Faecalibacterium sp. IP-3-29	2929489	S	1169	0.00325	0	0.00000	584	0.00186	1861	0.00500	4123	0.00671	217	0.00050
Faecalibacterium sp. 7	3402017	S	1012	0.00281	0	0.00000	0	0.00000	0	0.00000	1094	0.00178	0	0.00000
Faecalibacterium taiwanense	3030638	S	1359	0.00377	0	0.00000	20522	0.06550	935	0.00251	6348	0.01034	546	0.00125
Faecalibacterium duncaniae	411483	S	661	0.00184	0	0.00000	390	0.00124	2894	0.00778	0	0.00000	795	0.00182
Faecalibacterium wellingii	2929491	S	258	0.00072	0	0.00000	0	0.00000	0	0.00000	786	0.00128	0	0.00000
Faecalibacterium hominis (ex Afrizal et al. 2022)	2881265	S	185	0.00051	0	0.00000	0	0.00000	0	0.00000	0	0.00000	247	0.00056
Lawsonibacter asaccharolyticus	2108523	S	6194	0.01720	201	0.00047	476	0.00152	37	0.00010	183	0.00030	165	0.00038
Flavonifractor plautii	292800	S	4169	0.01158	1962	0.00455	171	0.00055	197	0.00053	392	0.00064	227	0.00052
Ruthenibacterium lactatiformans	1550024	S	1092	0.00303	55	0.00013	269	0.00086	128	0.00034	917	0.00149	70	0.00016
Dysosmobacter welbionis	2093857	S	10443	0.02900	328	0.00076	6723	0.02146	1315	0.00354	4433	0.00722	2546	0.00582
Hominenteromicrobium mulieris	2885357	S	1536	0.00426	0	0.00000	1885	0.00602	0	0.00000	52	0.00008	337	0.00077
Pusillibacter faecalis	2714358	S	1032	0.00287	0	0.00000	230	0.00073	238	0.00064	63	0.00010	136	0.00031
Anaerotruncus colihominis	169435	S	697	0.00194	0	0.00000	0	0.00000	90	0.00024	0	0.00000	106	0.00024
Vescimonas coprocola	2714355	S	152	0.00042	0	0.00000	445	0.00142	369	0.00099	46	0.00007	155	0.00035
Vescimonas fastidiosa	2714353	S	130	0.00036	0	0.00000	148	0.00047	0	0.00000	0	0.00000	797	0.00182
Pseudoflavonifractor gallinarum	2779352	S	52	0.00014	122	0.00028	32	0.00010	0	0.00000	0	0.00000	0	0.00000
Owariibacterium komagatae	3136601	S	57	0.00016	0	0.00000	83	0.00026	0	0.00000	0	0.00000	26	0.00006
Ruminococcus bicirculans (ex Wegman et al. 2014)	1160721	S	14	0.00004	0	0.00000	65	0.00021	315	0.00085	982	0.00160	1327	0.00303
Agathobaculum massiliense	3014267	S	295	0.00082	0	0.00000	0	0.00000	0	0.00000	0	0.00000	0	0.00000
Intestinimonas butyriciproducens	1297617	S	179	0.00050	0	0.00000	230	0.00073	66	0.00018	31	0.00005	50	0.00011
Flintibacter sp. KGMB00164	2610895	S	121	0.00034	0	0.00000	0	0.00000	0	0.00000	0	0.00000	0	0.00000
Clostridium sp. M62/1	411486	S	87	0.00024	0	0.00000	121	0.00039	0	0.00000	6929	0.01128	77	0.00018
Eubacterium ventriosum	39496	S	30	0.00008	55	0.00013	72	0.00023	0	0.00000	0	0.00000	112	0.00026
Agathobacter rectalis	39491	S	2487	0.00691	70	0.00016	13921	0.04443	710	0.00191	6302	0.01026	6952	0.01590
Lachnospira eligens	39485	S	1749	0.00486	0	0.00000	1217	0.00388	33	0.00009	1503	0.00245	2240	0.00512
Roseburia faecis	301302	S	1419	0.00394	0	0.00000	398	0.00127	5366	0.01443	6904	0.01124	15033	0.03438
Roseburia hominis	301301	S	446	0.00124	249	0.00058	1245	0.00397	1740	0.00468	613	0.00100	4293	0.00982
Roseburia intestinalis	166486	S	186	0.00052	79	0.00018	214	0.00068	865	0.00233	485	0.00079	1068	0.00244
Simiaoa sunii	2763672	S	1087	0.00302	0	0.00000	1170	0.00373	3004	0.00808	995	0.00162	865	0.00198
[Ruminococcus] lactaris	46228	S	439	0.00122	0	0.00000	483	0.00154	0	0.00000	13	0.00002	3312	0.00757
Mediterraneibacter gnavus	33038	S	195	0.00054	744	0.00173	64	0.00020	124	0.00033	447	0.00073	420	0.00096
[Ruminococcus] torques	33039	S	103	0.00029	212	0.00049	108	0.00034	47	0.00013	3622	0.00590	2288	0.00523
Blautia obeum	40520	S	401	0.00111	0	0.00000	479	0.00153	208	0.00056	4099	0.00668	2011	0.00460
Blautia wexlerae	418240	S	407	0.00113	142	0.00033	385	0.00123	941	0.00253	266953	0.43475	6418	0.01468
Blautia massiliensis (ex Durand et al. 2017)	1737424	S	282	0.00078	0	0.00000	0	0.00000	0	0.00000	1233	0.00201	473	0.00108
Coprococcus sp. ART55/1	751585	S	474	0.00132	0	0.00000	417	0.00133	1912	0.00514	29	0.00005	32	0.00007
Enterocloster lavalensis	460384	S	138	0.00038	0	0.00000	0	0.00000	0	0.00000	0	0.00000	40	0.00009
Enterocloster bolteae	208479	S	66	0.00018	175	0.00041	0	0.00000	0	0.00000	77	0.00013	74	0.00017
Enterocloster asparagiformis	333367	S	116	0.00032	0	0.00000	0	0.00000	0	0.00000	0	0.00000	28	0.00006
Dorea formicigenerans	39486	S	274	0.00076	91	0.00021	159	0.00051	92	0.00025	390	0.00064	2321	0.00531
Dorea longicatena	88431	S	82	0.00023	0	0.00000	1052	0.00336	192	0.00052	1668	0.00272	7210	0.01649
Allocoprococcus comes	410072	S	345	0.00096	0	0.00000	227	0.00072	40	0.00011	3594	0.00585	1718	0.00393
Anaerobutyricum hallii	39488	S	183	0.00051	0	0.00000	394	0.00126	209	0.00056	33733	0.05494	6449	0.01475
Anaerostipes hadrus	649756	S	186	0.00052	52	0.00012	195	0.00062	409	0.00110	42907	0.06988	1972	0.00451
Hungatella sp. SB206	2937758	S	58	0.00016	0	0.00000	0	0.00000	0	0.00000	17	0.00003	36	0.00008
Wansuia hejianensis	2763667	S	24	0.00007	0	0.00000	0	0.00000	23	0.00006	181	0.00029	36	0.00008
Christensenella massiliensis	1805714	S	70	0.00019	0	0.00000	55	0.00018	0	0.00000	0	0.00000	0	0.00000
Mitsuokella multacida	52226	S	87	0.00024	0	0.00000	0	0.00000	0	0.00000	0	0.00000	9991	0.02285
Veillonella parvula	29466	S	53	0.00015	0	0.00000	62	0.00020	0	0.00000	34	0.00006	0	0.00000
Holdemania massiliensis	1468449	S	44	0.00012	0	0.00000	76	0.00024	0	0.00000	0	0.00000	106	0.00024
Bifidobacterium adolescentis	1680	S	4501	0.01250	0	0.00000	16961	0.05413	1876	0.00505	7942	0.01293	22362	0.05114
Bifidobacterium longum	216816	S	2527	0.00702	438	0.00102	3030	0.00967	2673	0.00719	16939	0.02759	322	0.00074
Trueperella pyogenes	1661	S	55	0.00015	0	0.00000	0	0.00000	0	0.00000	0	0.00000	0	0.00000
Cutibacterium acnes	1747	S	38	0.00011	75	0.00017	0	0.00000	0	0.00000	0	0.00000	0	0.00000
Collinsella aerofaciens	74426	S	3239	0.00899	167	0.00039	543	0.00173	0	0.00000	3694	0.00602	2655	0.00607
Collinsella sp. i05-0019-G5	3132705	S	885	0.00246	0	0.00000	0	0.00000	0	0.00000	131	0.00021	580	0.00133
Adlercreutzia hattorii	2707299	S	435	0.00121	0	0.00000	0	0.00000	0	0.00000	133	0.00022	93	0.00021
Adlercreutzia equolifaciens	446660	S	167	0.00046	0	0.00000	0	0.00000	0	0.00000	77	0.00013	0	0.00000
Eggerthella lenta	84112	S	172	0.00048	0	0.00000	0	0.00000	0	0.00000	8281	0.01349	53	0.00012
Homo sapiens	9606	S	85	0.00024	453	0.00105	130	0.00041	20	0.00005	16	0.00003	57	0.00013
Endlipuvirus intestinihominis	2955861	S	136	0.00038	0	0.00000	301	0.00096	0	0.00000	0	0.00000	0	0.00000
Brigitvirus brigit	2734096	S	22	0.00006	0	0.00000	90	0.00029	49	0.00013	0	0.00000	0	0.00000
Segatella hominis	2518605	S	0	0.00000	83	0.00019	0	0.00000	0	0.00000	0	0.00000	47	0.00011
Bacteroides zhangwenhongii	2650157	S	0	0.00000	801	0.00186	0	0.00000	149	0.00040	0	0.00000	0	0.00000
Bacteroides caecimuris	1796613	S	0	0.00000	314	0.00073	0	0.00000	0	0.00000	0	0.00000	263	0.00060
Bacteroides faecis	674529	S	0	0.00000	222	0.00052	5630	0.01797	2248	0.00605	0	0.00000	0	0.00000
Bacteroides difficilis	2763021	S	0	0.00000	670	0.00155	0	0.00000	0	0.00000	0	0.00000	0	0.00000
Bacteroides finegoldii	338188	S	0	0.00000	361	0.00084	0	0.00000	0	0.00000	0	0.00000	135	0.00031
Bacteroides sp. CACC 737	2755405	S	0	0.00000	540	0.00125	0	0.00000	0	0.00000	0	0.00000	0	0.00000
Phocaeicola salanitronis	376805	S	0	0.00000	43	0.00010	464	0.00148	0	0.00000	0	0.00000	0	0.00000
Coprobacter fastidiosus	1099853	S	0	0.00000	49	0.00011	15	0.00005	25	0.00007	0	0.00000	0	0.00000
Sodaliphilus pleomorphus	2606626	S	0	0.00000	35	0.00008	0	0.00000	0	0.00000	0	0.00000	0	0.00000
Sutterella faecalis	2584944	S	0	0.00000	7057	0.01638	0	0.00000	239	0.00064	0	0.00000	0	0.00000
Sutterella wadsworthensis	40545	S	0	0.00000	581	0.00135	0	0.00000	255	0.00069	837	0.00136	2325	0.00532
Duodenibacillus massiliensis	1852381	S	0	0.00000	55	0.00013	0	0.00000	0	0.00000	0	0.00000	0	0.00000
Phascolarctobacterium succinatutens	626940	S	0	0.00000	33500	0.07775	0	0.00000	6160	0.01657	0	0.00000	0	0.00000
Phascolarctobacterium sp. Marseille-Q4147	2823317	S	0	0.00000	42	0.00010	0	0.00000	0	0.00000	0	0.00000	0	0.00000
Oscillibacter sp. PEA192	2109687	S	0	0.00000	436	0.00101	0	0.00000	0	0.00000	0	0.00000	0	0.00000
Clostridium sp. ETTB3	3438650	S	0	0.00000	528	0.00123	0	0.00000	0	0.00000	45	0.00007	136	0.00031
Clostridium sp. 10cd*	3373596	S	0	0.00000	127	0.00029	0	0.00000	0	0.00000	0	0.00000	0	0.00000
Mediterraneibacter glycyrrhizinilyticus	342942	S	0	0.00000	23	0.00005	0	0.00000	0	0.00000	0	0.00000	0	0.00000
Faecalimonas umbilicata	1912855	S	0	0.00000	425	0.00099	0	0.00000	0	0.00000	0	0.00000	0	0.00000
Enterocloster clostridioformis	1531	S	0	0.00000	36	0.00008	27	0.00009	0	0.00000	67	0.00011	54	0.00012
[Clostridium] symbiosum	1512	S	0	0.00000	105	0.00024	0	0.00000	19	0.00005	30	0.00005	0	0.00000
Faecalibacillus intestinalis	1982626	S	0	0.00000	250	0.00058	0	0.00000	0	0.00000	3088	0.00503	2142	0.00490
Collinsella stercoris	147206	S	0	0.00000	76	0.00018	0	0.00000	0	0.00000	0	0.00000	0	0.00000
Fusobacterium mortiferum	850	S	0	0.00000	5927	0.01376	0	0.00000	0	0.00000	0	0.00000	0	0.00000
Fusobacterium sp. SB021	2744227	S	0	0.00000	18	0.00004	0	0.00000	0	0.00000	0	0.00000	0	0.00000
Buchavirus faecalis	2955550	S	0	0.00000	82	0.00019	0	0.00000	0	0.00000	0	0.00000	0	0.00000
Buchavirus hiberniae	2955551	S	0	0.00000	55	0.00013	0	0.00000	0	0.00000	45	0.00007	0	0.00000
Aurodevirus hiberniae	2955382	S	0	0.00000	38	0.00009	0	0.00000	0	0.00000	0	0.00000	0	0.00000
Bacteroides intestinalis	329854	S	0	0.00000	0	0.00000	186	0.00059	0	0.00000	0	0.00000	1585	0.00362
Bacteroides cellulosilyticus	246787	S	0	0.00000	0	0.00000	369	0.00118	0	0.00000	0	0.00000	115	0.00026
Phocaeicola coprophilus	387090	S	0	0.00000	0	0.00000	95	0.00030	0	0.00000	0	0.00000	0	0.00000
Alistipes sp. dk3624	2662363	S	0	0.00000	0	0.00000	186	0.00059	0	0.00000	0	0.00000	197	0.00045
Butyricimonas faecihominis	1472416	S	0	0.00000	0	0.00000	317	0.00101	0	0.00000	0	0.00000	0	0.00000
Parabacteroides goldsteinii	328812	S	0	0.00000	0	0.00000	371	0.00118	0	0.00000	0	0.00000	29	0.00007
Parabacteroides absconsus	2951805	S	0	0.00000	0	0.00000	190	0.00061	0	0.00000	160	0.00026	0	0.00000
Parabacteroides chongii	2685834	S	0	0.00000	0	0.00000	24	0.00008	0	0.00000	0	0.00000	0	0.00000
Paraprevotella xylaniphila	454155	S	0	0.00000	0	0.00000	1223	0.00390	0	0.00000	151	0.00025	456	0.00104
Paraprevotella clara	454154	S	0	0.00000	0	0.00000	537	0.00171	0	0.00000	613	0.00100	1786	0.00408
Barnesiella viscericola	397865	S	0	0.00000	0	0.00000	32	0.00010	0	0.00000	0	0.00000	0	0.00000
Coprobacter secundus	1501392	S	0	0.00000	0	0.00000	214	0.00068	82	0.00022	0	0.00000	0	0.00000
Escherichia coli	562	S	0	0.00000	0	0.00000	16282	0.05197	0	0.00000	2001	0.00326	0	0.00000
Faecalibacterium sp. I4-1-79	2929494	S	0	0.00000	0	0.00000	195	0.00062	0	0.00000	1108	0.00180	0	0.00000
Dysosmobacter sp. Phy	3465159	S	0	0.00000	0	0.00000	1090	0.00348	0	0.00000	0	0.00000	0	0.00000
Ruminococcus champanellensis	1161942	S	0	0.00000	0	0.00000	1006	0.00321	0	0.00000	0	0.00000	0	0.00000
Ruminococcus callidus	40519	S	0	0.00000	0	0.00000	13	0.00004	52	0.00014	140	0.00023	454	0.00104
Oscillibacter hominis	2763056	S	0	0.00000	0	0.00000	168	0.00054	0	0.00000	0	0.00000	192	0.00044
Subdoligranulum variabile	214851	S	0	0.00000	0	0.00000	61	0.00019	0	0.00000	102	0.00017	0	0.00000
Eubacterium ramulus	39490	S	0	0.00000	0	0.00000	99	0.00032	64	0.00017	411	0.00067	1891	0.00432
Eubacterium callanderi	53442	S	0	0.00000	0	0.00000	24	0.00008	0	0.00000	0	0.00000	0	0.00000
Coprococcus eutactus	33043	S	0	0.00000	0	0.00000	4079	0.01302	48	0.00013	0	0.00000	0	0.00000
Wujia chipingensis	2763670	S	0	0.00000	0	0.00000	2557	0.00816	0	0.00000	36	0.00006	23736	0.05428
Blautia hydrogenotrophica	53443	S	0	0.00000	0	0.00000	19	0.00006	0	0.00000	82	0.00013	0	0.00000
Eisenbergiella porci	2652274	S	0	0.00000	0	0.00000	32	0.00010	0	0.00000	51	0.00008	0	0.00000
Christensenella sp. MSJ-20	2841518	S	0	0.00000	0	0.00000	31	0.00010	0	0.00000	0	0.00000	0	0.00000
Acidaminococcus intestini	187327	S	0	0.00000	0	0.00000	1646	0.00525	0	0.00000	0	0.00000	0	0.00000
Phascolarctobacterium faecium	33025	S	0	0.00000	0	0.00000	138	0.00044	0	0.00000	0	0.00000	11	0.00003
Limosilactobacillus mucosae	97478	S	0	0.00000	0	0.00000	195	0.00062	0	0.00000	0	0.00000	0	0.00000
Enterococcus faecium	1352	S	0	0.00000	0	0.00000	299	0.00095	0	0.00000	0	0.00000	0	0.00000
Bifidobacterium bifidum	1681	S	0	0.00000	0	0.00000	1289	0.00411	0	0.00000	0	0.00000	0	0.00000
Cloacibacillus evryensis	508460	S	0	0.00000	0	0.00000	165	0.00053	0	0.00000	0	0.00000	0	0.00000
Junduvirus copri	2956035	S	0	0.00000	0	0.00000	20	0.00006	0	0.00000	0	0.00000	0	0.00000
Satomivirus wayo	3432268	S	0	0.00000	0	0.00000	145	0.00046	0	0.00000	0	0.00000	0	0.00000
Bacteroides sp. D2	556259	S	0	0.00000	0	0.00000	0	0.00000	254	0.00068	162	0.00026	0	0.00000
Desulfovibrio piger	901	S	0	0.00000	0	0.00000	0	0.00000	15	0.00004	0	0.00000	0	0.00000
Faecalibacterium sp. PGM34	3567997	S	0	0.00000	0	0.00000	0	0.00000	233	0.00063	214	0.00035	0	0.00000
Ruminococcus sp. SR1/5	657323	S	0	0.00000	0	0.00000	0	0.00000	352	0.00095	1377	0.00224	0	0.00000
Blautia parvula	2877527	S	0	0.00000	0	0.00000	0	0.00000	46	0.00012	30	0.00005	0	0.00000
Blautia luti	89014	S	0	0.00000	0	0.00000	0	0.00000	42	0.00011	246	0.00040	444	0.00102
Jutongia sp. SJQ-6	3445972	S	0	0.00000	0	0.00000	0	0.00000	111	0.00030	2840	0.00463	339	0.00078
Blautia sp. SC05B48	2479767	S	0	0.00000	0	0.00000	0	0.00000	0	0.00000	127	0.00021	0	0.00000
Blautia producta	33035	S	0	0.00000	0	0.00000	0	0.00000	0	0.00000	23	0.00004	22	0.00005
Anaerostipes caccae	105841	S	0	0.00000	0	0.00000	0	0.00000	0	0.00000	74	0.00012	0	0.00000
Roseburia rectibacter	2763062	S	0	0.00000	0	0.00000	0	0.00000	0	0.00000	92	0.00015	23	0.00005
Mediterraneibacter faecis	592978	S	0	0.00000	0	0.00000	0	0.00000	0	0.00000	303	0.00049	184	0.00042
Dorea amylophila	2981789	S	0	0.00000	0	0.00000	0	0.00000	0	0.00000	102	0.00017	70	0.00016
Sellimonas intestinalis	1653434	S	0	0.00000	0	0.00000	0	0.00000	0	0.00000	79	0.00013	0	0.00000
Sellimonas caecigallum	2592333	S	0	0.00000	0	0.00000	0	0.00000	0	0.00000	16	0.00003	0	0.00000
[Clostridium] scindens	29347	S	0	0.00000	0	0.00000	0	0.00000	0	0.00000	63	0.00010	122	0.00028
Hungatella hathewayi	154046	S	0	0.00000	0	0.00000	0	0.00000	0	0.00000	33	0.00005	16	0.00004
Eshraghiella crossota	45851	S	0	0.00000	0	0.00000	0	0.00000	0	0.00000	25	0.00004	0	0.00000
Ruminococcus bovis	2564099	S	0	0.00000	0	0.00000	0	0.00000	0	0.00000	606	0.00099	0	0.00000
Eubacterium sp. MSJ-33	2841528	S	0	0.00000	0	0.00000	0	0.00000	0	0.00000	41	0.00007	130	0.00030
Butyricicoccus sp. GAM44	2109686	S	0	0.00000	0	0.00000	0	0.00000	0	0.00000	14	0.00002	0	0.00000
Intestinibacter bartlettii	261299	S	0	0.00000	0	0.00000	0	0.00000	0	0.00000	124	0.00020	42	0.00010
Romboutsia ilealis	1115758	S	0	0.00000	0	0.00000	0	0.00000	0	0.00000	29	0.00005	0	0.00000
Christensenella minuta	626937	S	0	0.00000	0	0.00000	0	0.00000	0	0.00000	23	0.00004	0	0.00000
Streptococcus gordonii	1302	S	0	0.00000	0	0.00000	0	0.00000	0	0.00000	358	0.00058	0	0.00000
Streptococcus vestibularis	1343	S	0	0.00000	0	0.00000	0	0.00000	0	0.00000	932	0.00152	0	0.00000
Streptococcus salivarius	1304	S	0	0.00000	0	0.00000	0	0.00000	0	0.00000	2566	0.00418	0	0.00000
Streptococcus parasanguinis	1318	S	0	0.00000	0	0.00000	0	0.00000	0	0.00000	727	0.00118	0	0.00000
Streptococcus sanguinis	1305	S	0	0.00000	0	0.00000	0	0.00000	0	0.00000	250	0.00041	0	0.00000
Lactococcus lactis	1358	S	0	0.00000	0	0.00000	0	0.00000	0	0.00000	185	0.00030	0	0.00000
Weissella confusa	1583	S	0	0.00000	0	0.00000	0	0.00000	0	0.00000	40	0.00007	0	0.00000
Granulicatella adiacens	46124	S	0	0.00000	0	0.00000	0	0.00000	0	0.00000	56	0.00009	0	0.00000
Thomasclavelia ramosa	1547	S	0	0.00000	0	0.00000	0	0.00000	0	0.00000	155	0.00025	0	0.00000
Turicibacter sanguinis	154288	S	0	0.00000	0	0.00000	0	0.00000	0	0.00000	133	0.00022	0	0.00000
Parvimonas micra	33033	S	0	0.00000	0	0.00000	0	0.00000	0	0.00000	48	0.00008	70	0.00016
Bifidobacterium pseudocatenulatum	28026	S	0	0.00000	0	0.00000	0	0.00000	0	0.00000	2583	0.00421	438	0.00100
Bifidobacterium breve	1685	S	0	0.00000	0	0.00000	0	0.00000	0	0.00000	55	0.00009	0	0.00000
Schaalia odontolytica	1660	S	0	0.00000	0	0.00000	0	0.00000	0	0.00000	58	0.00009	0	0.00000
Rothia mucilaginosa	43675	S	0	0.00000	0	0.00000	0	0.00000	0	0.00000	98	0.00016	0	0.00000
Corynebacterium argentoratense	42817	S	0	0.00000	0	0.00000	0	0.00000	0	0.00000	80	0.00013	0	0.00000
Corynebacterium durum	61592	S	0	0.00000	0	0.00000	0	0.00000	0	0.00000	27	0.00004	0	0.00000
Arachnia propionica	1750	S	0	0.00000	0	0.00000	0	0.00000	0	0.00000	13	0.00002	0	0.00000
Arachnia rubra	1547448	S	0	0.00000	0	0.00000	0	0.00000	0	0.00000	14	0.00002	0	0.00000
Eggerthella guodeyinii	2690837	S	0	0.00000	0	0.00000	0	0.00000	0	0.00000	204	0.00033	0	0.00000
Gordonibacter pamelaeae	471189	S	0	0.00000	0	0.00000	0	0.00000	0	0.00000	1224	0.00199	0	0.00000
Gordonibacter urolithinfaciens	1335613	S	0	0.00000	0	0.00000	0	0.00000	0	0.00000	38	0.00006	0	0.00000
Carjivirus communis	2955582	S	0	0.00000	0	0.00000	0	0.00000	0	0.00000	1299	0.00212	0	0.00000
Carjivirus hominis	2955583	S	0	0.00000	0	0.00000	0	0.00000	0	0.00000	33	0.00005	0	0.00000
Dialister succinatiphilus	487173	S	0	0.00000	0	0.00000	0	0.00000	0	0.00000	0	0.00000	852	0.00195
Dialister sp.	1955814	S	0	0.00000	0	0.00000	0	0.00000	0	0.00000	0	0.00000	43	0.00010
Hoskinsella hominis	2764325	S	0	0.00000	0	0.00000	0	0.00000	0	0.00000	0	0.00000	24	0.00005
Bifidobacterium angulatum	1683	S	0	0.00000	0	0.00000	0	0.00000	0	0.00000	0	0.00000	33	0.00008
Raoultibacter timonensis	1907662	S	0	0.00000	0	0.00000	0	0.00000	0	0.00000	0	0.00000	12	0.00003
Methanobrevibacter smithii	2173	S	0	0.00000	0	0.00000	0	0.00000	0	0.00000	0	0.00000	58	0.00013
Kingevirus communis	2956060	S	0	0.00000	0	0.00000	0	0.00000	0	0.00000	0	0.00000	21	0.00005
